shape_id,shape_pt_lat,shape_pt_lon,shape_pt_sequence,shape_dist_traveled
101_0,-23.087886,-47.209475,1,0.0
101_0,-23.087536,-47.209303,2,42.7
101_0,-23.087119,-47.210151,3,141.1
101_0,-23.086714,-47.210974,4,236.5
101_0,-23.087800,-47.211538,5,370.4
101_0,-23.088573,-47.211979,6,467.4
101_0,-23.089434,-47.212406,7,572.7
101_0,-23.089730,-47.212558,8,609.1
101_0,-23.090266,-47.212833,9,675.0
101_0,-23.091013,-47.213242,10,768.0
101_0,-23.091130,-47.213299,11,782.2
101_0,-23.091746,-47.213592,12,857.0
101_0,-23.092262,-47.213861,13,920.6
101_0,-23.092364,-47.213944,14,934.8
101_0,-23.092700,-47.214195,15,980.1
101_0,-23.093102,-47.214394,16,1029.3
101_0,-23.093182,-47.214433,17,1039.0
101_0,-23.093352,-47.214513,18,1059.6
101_0,-23.093554,-47.214592,19,1083.5
101_0,-23.093654,-47.214627,20,1095.2
101_0,-23.093739,-47.214639,21,1104.7
101_0,-23.093869,-47.214632,22,1119.2
101_0,-23.093980,-47.214616,23,1131.6
101_0,-23.094307,-47.214559,24,1168.4
101_0,-23.094468,-47.214534,25,1186.5
101_0,-23.094534,-47.214515,26,1194.1
101_0,-23.094613,-47.214489,27,1203.3
101_0,-23.094836,-47.214357,28,1231.5
101_0,-23.094894,-47.214333,29,1238.4
101_0,-23.095025,-47.214267,30,1254.5
101_0,-23.095907,-47.213894,31,1359.7
101_0,-23.096285,-47.213731,32,1404.9
101_0,-23.097010,-47.213552,33,1487.6
101_0,-23.097370,-47.213469,34,1528.5
101_0,-23.097542,-47.213426,35,1548.1
101_0,-23.098278,-47.213212,36,1632.9
101_0,-23.099097,-47.212988,37,1726.8
101_0,-23.099382,-47.212908,38,1759.5
101_0,-23.099772,-47.212794,39,1804.4
101_0,-23.100267,-47.212643,40,1861.6
101_0,-23.100656,-47.212517,41,1906.7
101_0,-23.101086,-47.212392,42,1956.2
101_0,-23.101136,-47.212377,43,1962.0
101_0,-23.101391,-47.212320,44,1990.9
101_0,-23.101521,-47.212337,45,2005.5
101_0,-23.101669,-47.212358,46,2022.1
101_0,-23.101804,-47.212330,47,2037.3
101_0,-23.102035,-47.212231,48,2065.0
101_0,-23.102098,-47.212177,49,2073.9
101_0,-23.102172,-47.212153,50,2082.5
101_0,-23.102404,-47.212088,51,2109.1
101_0,-23.103188,-47.211909,52,2198.2
101_0,-23.104221,-47.211661,53,2315.8
101_0,-23.105221,-47.211422,54,2429.7
101_0,-23.105345,-47.211396,55,2443.7
101_0,-23.106257,-47.211182,56,2547.5
101_0,-23.106812,-47.211042,57,2610.8
101_0,-23.107248,-47.210932,58,2660.6
101_0,-23.107731,-47.210833,59,2715.2
101_0,-23.109190,-47.210506,60,2880.9
101_0,-23.109411,-47.210466,61,2905.8
101_0,-23.109759,-47.210394,62,2945.2
101_0,-23.109977,-47.210340,63,2970.0
101_0,-23.110133,-47.210312,64,2987.6
101_0,-23.110295,-47.210291,65,3005.8
101_0,-23.110365,-47.210285,66,3013.6
101_0,-23.110419,-47.210284,67,3019.6
101_0,-23.110585,-47.210273,68,3038.1
101_0,-23.110774,-47.210315,69,3059.5
101_0,-23.110842,-47.210301,70,3067.2
101_0,-23.110874,-47.210291,71,3070.9
101_0,-23.110899,-47.210265,72,3074.8
101_0,-23.110910,-47.210205,73,3081.0
101_0,-23.110809,-47.210083,74,3097.8
101_0,-23.110578,-47.209732,75,3141.9
101_0,-23.110436,-47.209374,76,3181.8
101_0,-23.110373,-47.209263,77,3195.2
101_0,-23.110286,-47.209150,78,3210.2
101_0,-23.109625,-47.208288,79,3325.0
101_0,-23.109552,-47.208356,80,3335.7
101_0,-23.109457,-47.208426,81,3348.5
101_0,-23.109415,-47.208464,82,3354.5
101_0,-23.109385,-47.208492,83,3358.9
101_0,-23.108718,-47.209149,84,3459.0
101_0,-23.108712,-47.209223,85,3466.6
101_0,-23.108730,-47.209283,86,3473.1
101_0,-23.108904,-47.209471,87,3500.3
101_0,-23.109680,-47.210301,88,3621.4
101_0,-23.109759,-47.210394,89,3634.3
101_0,-23.109977,-47.210340,90,3659.2
101_0,-23.110133,-47.210312,91,3676.8
101_0,-23.110295,-47.210291,92,3694.9
101_0,-23.110365,-47.210285,93,3702.7
101_0,-23.110419,-47.210284,94,3708.7
101_0,-23.110585,-47.210273,95,3727.2
101_0,-23.110774,-47.210315,96,3748.7
101_0,-23.110973,-47.210384,97,3771.9
101_0,-23.111132,-47.210488,98,3792.5
101_0,-23.111295,-47.210623,99,3815.3
101_0,-23.111451,-47.210826,100,3842.4
101_0,-23.111533,-47.210970,101,3859.7
101_0,-23.111560,-47.211050,102,3868.4
101_0,-23.111593,-47.211149,103,3879.2
101_0,-23.111611,-47.211218,104,3886.5
101_0,-23.111687,-47.211414,105,3908.3
101_0,-23.111801,-47.211643,106,3934.9
101_0,-23.111889,-47.211768,107,3951.0
101_0,-23.112005,-47.211946,108,3973.3
101_0,-23.112212,-47.212236,109,4010.8
101_0,-23.112281,-47.212325,110,4022.7
101_0,-23.112343,-47.212236,111,4034.2
101_0,-23.112413,-47.212171,112,4044.4
101_0,-23.112492,-47.212120,113,4054.6
101_0,-23.112579,-47.212086,114,4064.9
101_0,-23.112670,-47.212068,115,4075.2
101_0,-23.112762,-47.212069,116,4085.4
101_0,-23.112853,-47.212087,117,4095.7
101_0,-23.113059,-47.212262,118,4124.8
101_0,-23.114342,-47.213714,119,4330.7
101_0,-23.115679,-47.215418,120,4559.7
101_0,-23.116588,-47.216553,121,4713.7
101_0,-23.117261,-47.217380,122,4826.6
101_0,-23.117983,-47.218257,123,4947.0
101_0,-23.119581,-47.220180,124,5212.0
101_0,-23.120264,-47.221121,125,5334.6
101_0,-23.120662,-47.221668,126,5405.9
101_0,-23.121033,-47.222157,127,5470.7
101_0,-23.121638,-47.223049,128,5584.1
101_0,-23.121823,-47.223294,129,5616.5
101_0,-23.121804,-47.223399,130,5627.4
101_0,-23.121772,-47.223445,131,5633.3
101_0,-23.121741,-47.223475,132,5638.0
101_0,-23.120946,-47.223880,133,5735.6
101_0,-23.120364,-47.224166,134,5806.6
101_0,-23.120318,-47.224179,135,5811.9
101_0,-23.120034,-47.224258,136,5844.5
101_0,-23.119937,-47.224312,137,5856.6
101_0,-23.119894,-47.224404,138,5867.2
101_0,-23.119806,-47.224748,139,5903.7
101_0,-23.119680,-47.225189,140,5950.9
101_0,-23.119554,-47.225667,141,6001.7
101_0,-23.119150,-47.227228,142,6167.6
101_0,-23.118943,-47.228035,143,6253.3
101_0,-23.118934,-47.228071,144,6257.1
101_0,-23.118729,-47.228840,145,6338.9
101_0,-23.118503,-47.229703,146,6430.7
101_0,-23.118258,-47.230659,147,6532.2
101_0,-23.117929,-47.231955,148,6669.7
101_0,-23.117903,-47.232064,149,6681.2
101_0,-23.117872,-47.232185,150,6694.1
101_0,-23.117630,-47.233110,151,6792.4
101_0,-23.117558,-47.233398,152,6822.9
101_0,-23.117537,-47.233521,153,6835.7
101_0,-23.117516,-47.233612,154,6845.3
101_0,-23.117416,-47.233932,155,6879.9
101_0,-23.117043,-47.233824,156,6922.8
101_0,-23.116816,-47.233758,157,6948.9
101_0,-23.116903,-47.233465,158,6980.4
101_0,-23.117464,-47.233518,159,7043.0
101_0,-23.117537,-47.233521,160,7051.2
101_0,-23.117640,-47.233523,161,7062.6
101_0,-23.117673,-47.233411,162,7074.6
101_0,-23.117755,-47.233078,163,7109.9
101_0,-23.117812,-47.232855,164,7133.6
101_0,-23.117886,-47.232571,165,7163.7
101_0,-23.117987,-47.232190,166,7204.3
101_0,-23.118019,-47.232077,167,7216.4
101_0,-23.118051,-47.231967,168,7228.2
101_0,-23.118371,-47.230698,169,7362.7
101_0,-23.118594,-47.229832,170,7454.7
101_0,-23.118840,-47.228875,171,7556.3
101_0,-23.119042,-47.228102,172,7638.5
101_0,-23.119266,-47.227259,173,7728.3
101_0,-23.119660,-47.225684,174,7895.2
101_0,-23.119763,-47.225278,175,7938.2
101_0,-23.119904,-47.224699,176,7999.5
101_0,-23.120028,-47.224589,177,8017.3
101_0,-23.120142,-47.224479,178,8034.2
101_0,-23.120433,-47.224542,179,8067.2
101_0,-23.120825,-47.224641,180,8112.0
101_0,-23.121629,-47.224837,181,8203.6
101_0,-23.122263,-47.225026,182,8276.7
101_0,-23.122383,-47.225064,183,8290.6
101_0,-23.122482,-47.225076,184,8301.7
101_0,-23.122584,-47.225088,185,8313.1
101_0,-23.122731,-47.225129,186,8330.0
101_0,-23.122954,-47.225223,187,8356.5
101_0,-23.123288,-47.225331,188,8395.3
101_0,-23.124414,-47.225633,189,8524.3
101_0,-23.124912,-47.225769,190,8581.3
101_0,-23.125094,-47.225826,191,8602.4
101_0,-23.125304,-47.225905,192,8627.1
101_0,-23.125778,-47.226105,193,8683.7
101_0,-23.125873,-47.226141,194,8694.8
101_0,-23.126036,-47.226197,195,8713.8
101_0,-23.126097,-47.226217,196,8720.9
101_0,-23.126121,-47.226259,197,8726.0
101_0,-23.126593,-47.226386,198,8780.1
101_0,-23.127315,-47.226562,199,8862.3
101_0,-23.128092,-47.226810,200,8952.4
101_0,-23.128111,-47.226867,201,8958.6
101_0,-23.128129,-47.226904,202,8962.9
101_0,-23.128344,-47.227178,203,8999.7
101_0,-23.130090,-47.229348,204,9294.5
101_0,-23.130279,-47.229586,205,9326.7
101_0,-23.131069,-47.230576,206,9460.7
101_0,-23.132271,-47.232084,207,9664.8
101_0,-23.131877,-47.232451,208,9722.5
101_0,-23.130805,-47.233449,209,9879.4
101_0,-23.130132,-47.232626,210,9992.0
101_0,-23.128630,-47.230708,211,10249.6
101_0,-23.130090,-47.229348,212,10463.4
101_0,-23.130904,-47.228608,213,10581.3
101_0,-23.131422,-47.228138,214,10656.4
101_0,-23.131509,-47.228194,215,10667.6
101_0,-23.132412,-47.228732,216,10782.1
101_0,-23.132453,-47.228762,217,10787.6
101_0,-23.132736,-47.228993,218,10826.9
101_0,-23.132970,-47.229185,219,10859.5
101_0,-23.133207,-47.229377,220,10892.4
101_0,-23.133221,-47.229390,221,10894.4
101_0,-23.133246,-47.229413,222,10898.1
101_0,-23.133385,-47.229538,223,10918.1
101_0,-23.133398,-47.229550,224,10920.0
101_0,-23.133569,-47.229746,225,10947.7
101_0,-23.133717,-47.229962,226,10975.2
101_0,-23.134011,-47.230498,227,11039.0
101_0,-23.134078,-47.230620,228,11053.6
101_0,-23.134777,-47.231922,229,11207.7
101_0,-23.134842,-47.232060,230,11223.6
101_0,-23.134945,-47.231997,231,11236.7
101_0,-23.135054,-47.231936,232,11250.3
101_0,-23.135095,-47.231916,233,11255.3
101_0,-23.135144,-47.231894,234,11261.2
101_0,-23.135226,-47.231749,235,11278.6
101_0,-23.136458,-47.231075,236,11432.0
101_0,-23.137475,-47.230518,237,11558.6
101_0,-23.136917,-47.229297,238,11698.0
101_0,-23.136888,-47.229152,239,11713.2
101_0,-23.136926,-47.229081,240,11721.6
101_0,-23.137257,-47.228905,241,11762.6
101_1,-23.137257,-47.228905,1,0.0
101_1,-23.136926,-47.229081,2,41.0
101_1,-23.136888,-47.229152,3,49.4
101_1,-23.136917,-47.229297,4,64.5
101_1,-23.137475,-47.230518,5,204.0
101_1,-23.136458,-47.231075,6,330.6
101_1,-23.135226,-47.231749,7,483.9
101_1,-23.135086,-47.231779,8,499.8
101_1,-23.135047,-47.231792,9,504.3
101_1,-23.135000,-47.231810,10,509.9
101_1,-23.134875,-47.231864,11,524.8
101_1,-23.134162,-47.230561,12,679.9
101_1,-23.134126,-47.230493,13,687.9
101_1,-23.134099,-47.230437,14,694.4
101_1,-23.134011,-47.230498,15,706.0
101_1,-23.133917,-47.230579,16,719.3
101_1,-23.133726,-47.230753,17,747.0
101_1,-23.133271,-47.231170,18,813.2
101_1,-23.132736,-47.231658,19,890.8
101_1,-23.132271,-47.232084,20,958.4
101_1,-23.131877,-47.232451,21,1016.1
101_1,-23.130805,-47.233449,22,1173.0
101_1,-23.130132,-47.232626,23,1285.6
101_1,-23.128630,-47.230708,24,1543.3
101_1,-23.128187,-47.230158,25,1618.0
101_1,-23.126873,-47.228533,26,1839.3
101_1,-23.126752,-47.228420,27,1857.0
101_1,-23.125980,-47.227398,28,1992.3
101_1,-23.125521,-47.226856,29,2067.6
101_1,-23.125119,-47.226386,30,2133.2
101_1,-23.125097,-47.226354,31,2137.3
101_1,-23.125080,-47.226320,32,2141.3
101_1,-23.125069,-47.226282,33,2145.4
101_1,-23.125064,-47.226243,34,2149.4
101_1,-23.125065,-47.226203,35,2153.5
101_1,-23.125046,-47.226144,36,2159.9
101_1,-23.125015,-47.226111,37,2164.7
101_1,-23.124980,-47.226086,38,2169.4
101_1,-23.124674,-47.225935,39,2206.7
101_1,-23.124621,-47.225918,40,2212.9
101_1,-23.124579,-47.225928,41,2217.6
101_1,-23.124247,-47.226238,42,2266.3
101_1,-23.124226,-47.226262,43,2269.7
101_1,-23.124218,-47.226290,44,2272.7
101_1,-23.124221,-47.226325,45,2276.3
101_1,-23.124385,-47.226516,46,2303.0
101_1,-23.124777,-47.227012,47,2369.9
101_1,-23.124741,-47.227069,48,2377.0
101_1,-23.124704,-47.227111,49,2382.9
101_1,-23.124673,-47.227141,50,2387.5
101_1,-23.124585,-47.227196,51,2398.8
101_1,-23.124543,-47.227164,52,2404.5
101_1,-23.124129,-47.227029,53,2452.6
101_1,-23.123735,-47.228568,54,2615.9
101_1,-23.123313,-47.230216,55,2790.9
101_1,-23.122844,-47.232046,56,2985.1
101_1,-23.122698,-47.232617,57,3045.7
101_1,-23.122480,-47.232571,58,3070.4
101_1,-23.122181,-47.232514,59,3104.2
101_1,-23.122129,-47.232505,60,3110.0
101_1,-23.121844,-47.232450,61,3142.2
101_1,-23.121556,-47.232397,62,3174.7
101_1,-23.121484,-47.232392,63,3182.7
101_1,-23.120961,-47.232346,64,3241.1
101_1,-23.120380,-47.232295,65,3305.9
101_1,-23.119794,-47.232245,66,3371.3
101_1,-23.119211,-47.232181,67,3436.4
101_1,-23.118626,-47.232137,68,3501.6
101_1,-23.118257,-47.232101,69,3542.8
101_1,-23.118081,-47.232082,70,3562.5
101_1,-23.118019,-47.232077,71,3569.4
101_1,-23.117903,-47.232064,72,3582.4
101_1,-23.117872,-47.232185,73,3595.2
101_1,-23.117630,-47.233110,74,3693.6
101_1,-23.117558,-47.233398,75,3724.1
101_1,-23.117537,-47.233521,76,3736.9
101_1,-23.117516,-47.233612,77,3746.5
101_1,-23.117416,-47.233932,78,3781.0
101_1,-23.117043,-47.233824,79,3823.9
101_1,-23.116816,-47.233758,80,3850.1
101_1,-23.116903,-47.233465,81,3881.6
101_1,-23.117464,-47.233518,82,3944.2
101_1,-23.117537,-47.233521,83,3952.3
101_1,-23.117640,-47.233523,84,3963.8
101_1,-23.117673,-47.233411,85,3975.8
101_1,-23.117755,-47.233078,86,4011.0
101_1,-23.117812,-47.232855,87,4034.7
101_1,-23.117886,-47.232571,88,4064.9
101_1,-23.117987,-47.232190,89,4105.4
101_1,-23.118019,-47.232077,90,4117.5
101_1,-23.118051,-47.231967,91,4129.3
101_1,-23.118371,-47.230698,92,4263.9
101_1,-23.118594,-47.229832,93,4355.9
101_1,-23.118840,-47.228875,94,4457.5
101_1,-23.119042,-47.228102,95,4539.7
101_1,-23.119266,-47.227259,96,4629.4
101_1,-23.119660,-47.225684,97,4796.3
101_1,-23.119763,-47.225278,98,4839.4
101_1,-23.119904,-47.224699,99,4900.6
101_1,-23.119953,-47.224517,100,4920.0
101_1,-23.119983,-47.224434,101,4929.2
101_1,-23.120034,-47.224258,102,4948.0
101_1,-23.119801,-47.224170,103,4975.4
101_1,-23.119733,-47.224020,104,4992.6
101_1,-23.119689,-47.223951,105,5001.1
101_1,-23.119503,-47.223723,106,5032.3
101_1,-23.118212,-47.222076,107,5253.6
101_1,-23.117751,-47.221491,108,5332.4
101_1,-23.117594,-47.221270,109,5361.0
101_1,-23.117639,-47.221235,110,5367.1
101_1,-23.117775,-47.221132,111,5385.5
101_1,-23.118389,-47.220668,112,5468.7
101_1,-23.119068,-47.220135,113,5561.8
101_1,-23.119152,-47.220079,114,5572.8
101_1,-23.119207,-47.220039,115,5580.1
101_1,-23.118344,-47.218972,116,5725.4
101_1,-23.117478,-47.217910,117,5870.6
101_1,-23.117192,-47.217579,118,5917.0
101_1,-23.117109,-47.217465,119,5931.9
101_1,-23.116763,-47.217028,120,5990.9
101_1,-23.116421,-47.216593,121,6049.4
101_1,-23.116094,-47.216187,122,6104.6
101_1,-23.115766,-47.215792,123,6159.0
101_1,-23.115135,-47.214990,124,6266.9
101_1,-23.114809,-47.214593,125,6321.4
101_1,-23.114489,-47.214204,126,6374.7
101_1,-23.113865,-47.213403,127,6482.1
101_1,-23.113735,-47.213281,128,6501.2
101_1,-23.113655,-47.213217,129,6512.2
101_1,-23.113584,-47.213165,130,6521.7
101_1,-23.113465,-47.213089,131,6537.1
101_1,-23.113312,-47.213004,132,6556.2
101_1,-23.112796,-47.212792,133,6617.5
101_1,-23.112699,-47.212743,134,6629.4
101_1,-23.112616,-47.212682,135,6640.6
101_1,-23.112542,-47.212623,136,6650.8
101_1,-23.112461,-47.212541,137,6663.1
101_1,-23.112281,-47.212325,138,6692.9
101_1,-23.112212,-47.212236,139,6704.8
101_1,-23.112005,-47.211946,140,6742.3
101_1,-23.111889,-47.211768,141,6764.6
101_1,-23.111828,-47.211620,142,6781.2
101_1,-23.111739,-47.211409,143,6805.0
101_1,-23.111713,-47.211342,144,6812.4
101_1,-23.111697,-47.211300,145,6817.1
101_1,-23.111681,-47.211231,146,6824.3
101_1,-23.111670,-47.211159,147,6831.8
101_1,-23.111644,-47.211078,148,6840.6
101_1,-23.111614,-47.211009,149,6848.4
101_1,-23.111566,-47.210908,150,6860.0
101_1,-23.111469,-47.210742,151,6880.1
101_1,-23.111351,-47.210564,152,6902.6
101_1,-23.111197,-47.210439,153,6923.9
101_1,-23.111016,-47.210302,154,6948.4
101_1,-23.110910,-47.210205,155,6963.9
101_1,-23.110809,-47.210083,156,6980.6
101_1,-23.110578,-47.209732,157,7024.8
101_1,-23.110436,-47.209374,158,7064.7
101_1,-23.110373,-47.209263,159,7078.0
101_1,-23.110286,-47.209150,160,7093.1
101_1,-23.109625,-47.208288,161,7207.8
101_1,-23.109450,-47.208051,162,7238.9
101_1,-23.109339,-47.207850,163,7262.9
101_1,-23.109267,-47.207734,164,7277.2
101_1,-23.109137,-47.207587,165,7298.1
101_1,-23.108617,-47.206952,166,7385.0
101_1,-23.108563,-47.206917,167,7392.0
101_1,-23.108511,-47.206884,168,7398.7
101_1,-23.108442,-47.206859,169,7406.8
101_1,-23.108424,-47.206852,170,7408.9
101_1,-23.108343,-47.206859,171,7418.0
101_1,-23.108256,-47.206903,172,7428.6
101_1,-23.108200,-47.206963,173,7437.4
101_1,-23.108110,-47.207079,174,7452.9
101_1,-23.107983,-47.207384,175,7487.1
101_1,-23.107940,-47.207557,176,7505.5
101_1,-23.107875,-47.207873,177,7538.6
101_1,-23.107795,-47.208297,178,7582.8
101_1,-23.107751,-47.208482,179,7602.4
101_1,-23.107662,-47.208764,180,7632.9
101_1,-23.107646,-47.208813,181,7638.2
101_1,-23.107575,-47.209010,182,7659.8
101_1,-23.107547,-47.209071,183,7666.8
101_1,-23.107511,-47.209128,184,7673.9
101_1,-23.107468,-47.209178,185,7680.9
101_1,-23.107419,-47.209221,186,7687.9
101_1,-23.107344,-47.209318,187,7700.8
101_1,-23.107281,-47.209425,188,7713.8
101_1,-23.107115,-47.209750,189,7751.9
101_1,-23.107108,-47.209762,190,7753.3
101_1,-23.106850,-47.210357,191,7820.6
101_1,-23.106719,-47.210565,192,7846.4
101_1,-23.106601,-47.210674,193,7863.6
101_1,-23.106539,-47.210710,194,7871.4
101_1,-23.106473,-47.210735,195,7879.2
101_1,-23.105753,-47.211014,196,7964.2
101_1,-23.105301,-47.211243,197,8019.6
101_1,-23.105198,-47.211316,198,8033.3
101_1,-23.105082,-47.211352,199,8046.7
101_1,-23.104209,-47.211549,200,8145.8
101_1,-23.103423,-47.211754,201,8235.7
101_1,-23.103043,-47.211815,202,8278.4
101_1,-23.102573,-47.211941,203,8332.3
101_1,-23.102365,-47.212005,204,8356.3
101_1,-23.102149,-47.212083,205,8381.6
101_1,-23.102076,-47.212126,206,8390.8
101_1,-23.101998,-47.212157,207,8400.1
101_1,-23.101673,-47.212238,208,8437.2
101_1,-23.101497,-47.212277,209,8457.1
101_1,-23.101391,-47.212320,210,8469.7
101_1,-23.101136,-47.212377,211,8498.7
101_1,-23.101086,-47.212392,212,8504.4
101_1,-23.100656,-47.212517,213,8553.9
101_1,-23.100267,-47.212643,214,8599.0
101_1,-23.099772,-47.212794,215,8656.2
101_1,-23.099382,-47.212908,216,8701.1
101_1,-23.099097,-47.212988,217,8733.9
101_1,-23.098278,-47.213212,218,8827.8
101_1,-23.097542,-47.213426,219,8912.5
101_1,-23.097370,-47.213469,220,8932.1
101_1,-23.097010,-47.213552,221,8973.0
101_1,-23.096285,-47.213731,222,9055.7
101_1,-23.095907,-47.213894,223,9100.9
101_1,-23.095025,-47.214267,224,9206.1
101_1,-23.094894,-47.214333,225,9222.2
101_1,-23.094836,-47.214357,226,9229.1
101_1,-23.094629,-47.214394,227,9252.4
101_1,-23.094471,-47.214422,228,9270.2
101_1,-23.094381,-47.214435,229,9280.3
101_1,-23.094314,-47.214447,230,9287.9
101_1,-23.094195,-47.214473,231,9301.4
101_1,-23.094138,-47.214488,232,9307.9
101_1,-23.094071,-47.214498,233,9315.4
101_1,-23.093919,-47.214507,234,9332.3
101_1,-23.093802,-47.214499,235,9345.4
101_1,-23.093722,-47.214486,236,9354.4
101_1,-23.093603,-47.214460,237,9367.9
101_1,-23.093423,-47.214385,238,9389.3
101_1,-23.093093,-47.214212,239,9430.0
101_1,-23.092729,-47.214034,240,9474.4
101_1,-23.092500,-47.213905,241,9503.1
101_1,-23.092448,-47.213838,242,9512.1
101_1,-23.092386,-47.213739,243,9524.3
101_1,-23.092301,-47.213608,244,9540.7
101_1,-23.091662,-47.212683,245,9659.0
101_1,-23.091434,-47.212396,246,9697.8
101_1,-23.091226,-47.212182,247,9729.7
101_1,-23.091055,-47.212098,248,9750.5
101_1,-23.090707,-47.211927,249,9793.0
101_1,-23.090645,-47.211895,250,9800.6
101_1,-23.090119,-47.211638,251,9864.7
101_1,-23.089824,-47.211494,252,9900.7
101_1,-23.089116,-47.211147,253,9987.1
101_1,-23.089051,-47.211062,254,9998.4
101_1,-23.089026,-47.210992,255,10006.1
101_1,-23.089016,-47.210902,256,10015.3
101_1,-23.089009,-47.210813,257,10024.5
101_1,-23.088870,-47.210358,258,10073.5
101_1,-23.088771,-47.210012,259,10110.6
101_1,-23.088736,-47.209899,260,10122.8
101_1,-23.088672,-47.209866,261,10130.6
101_1,-23.088607,-47.209830,262,10138.7
101_1,-23.087886,-47.209475,263,10226.8
102_0,-23.122066,-47.242020,1,0.0
102_0,-23.121924,-47.242585,2,59.9
102_0,-23.121351,-47.242416,3,125.9
102_0,-23.120806,-47.242255,4,188.7
102_0,-23.120238,-47.242080,5,254.4
102_0,-23.120110,-47.242040,6,269.2
102_0,-23.119781,-47.241943,7,307.1
102_0,-23.119673,-47.241913,8,319.5
102_0,-23.119118,-47.241742,9,383.6
102_0,-23.118569,-47.241577,10,446.9
102_0,-23.117987,-47.241401,11,514.1
102_0,-23.117421,-47.241231,12,579.4
102_0,-23.117035,-47.241114,13,624.0
102_0,-23.116884,-47.241069,14,641.4
102_0,-23.116304,-47.240894,15,708.3
102_0,-23.115768,-47.240732,16,770.2
102_0,-23.115797,-47.240621,17,782.0
102_0,-23.116178,-47.239171,18,936.2
102_0,-23.116219,-47.239024,19,951.9
102_0,-23.116233,-47.238968,20,957.8
102_0,-23.116261,-47.238859,21,969.4
102_0,-23.116610,-47.237469,22,1116.8
102_0,-23.116629,-47.237390,23,1125.1
102_0,-23.116493,-47.237347,24,1140.9
102_0,-23.116453,-47.237330,25,1145.6
102_0,-23.115948,-47.237195,26,1203.5
102_0,-23.116409,-47.235431,27,1391.0
102_0,-23.116816,-47.233758,28,1568.0
102_0,-23.117043,-47.233824,29,1594.1
102_0,-23.116816,-47.233758,30,1620.2
102_0,-23.116903,-47.233465,31,1651.7
102_0,-23.117464,-47.233518,32,1714.3
102_0,-23.117537,-47.233521,33,1722.5
102_0,-23.117640,-47.233523,34,1733.9
102_0,-23.117673,-47.233411,35,1745.9
102_0,-23.117755,-47.233078,36,1781.2
102_0,-23.117812,-47.232855,37,1804.9
102_0,-23.117886,-47.232571,38,1835.1
102_0,-23.117987,-47.232190,39,1875.6
102_0,-23.118019,-47.232077,40,1887.7
102_0,-23.117903,-47.232064,41,1900.7
102_0,-23.117835,-47.232059,42,1908.2
102_0,-23.117287,-47.232019,43,1969.3
102_0,-23.116716,-47.231962,44,2033.1
102_0,-23.116134,-47.231901,45,2098.1
102_0,-23.115837,-47.231882,46,2131.2
102_0,-23.115540,-47.231852,47,2164.3
102_0,-23.115280,-47.231814,48,2193.5
102_0,-23.115044,-47.231765,49,2220.2
102_0,-23.114590,-47.231627,50,2272.6
102_0,-23.114115,-47.231422,51,2329.5
102_0,-23.114005,-47.231384,52,2342.3
102_0,-23.113646,-47.231212,53,2385.9
102_0,-23.113193,-47.230996,54,2440.9
102_0,-23.112752,-47.230814,55,2493.4
102_0,-23.112491,-47.230699,56,2524.7
102_0,-23.112390,-47.230653,57,2536.9
102_0,-23.112311,-47.230616,58,2546.4
102_0,-23.111850,-47.230458,59,2600.2
102_0,-23.111375,-47.230342,60,2654.3
102_0,-23.111250,-47.230265,61,2670.3
102_0,-23.110917,-47.230167,62,2708.6
102_0,-23.110723,-47.230105,63,2731.1
102_0,-23.110428,-47.230007,64,2765.4
102_0,-23.110230,-47.229923,65,2789.1
102_0,-23.110175,-47.229855,66,2798.3
102_0,-23.110157,-47.229710,67,2813.3
102_0,-23.110204,-47.229373,68,2848.1
102_0,-23.110230,-47.229088,69,2877.4
102_0,-23.110256,-47.228793,70,2907.7
102_0,-23.110244,-47.228322,71,2955.9
102_0,-23.110227,-47.228114,72,2977.3
102_0,-23.110205,-47.227912,73,2998.1
102_0,-23.110120,-47.227619,74,3029.5
102_0,-23.110075,-47.227447,75,3047.8
102_0,-23.110059,-47.227392,76,3053.7
102_0,-23.109977,-47.227194,77,3075.9
102_0,-23.109887,-47.227022,78,3096.2
102_0,-23.109701,-47.226694,79,3135.6
102_0,-23.109576,-47.226537,80,3156.8
102_0,-23.109467,-47.226405,81,3174.9
102_0,-23.109109,-47.226063,82,3227.9
102_0,-23.109043,-47.226173,83,3241.4
102_0,-23.109180,-47.226295,84,3261.1
102_0,-23.109332,-47.226463,85,3285.2
102_0,-23.109485,-47.226633,86,3309.5
102_0,-23.109560,-47.226729,87,3322.4
102_0,-23.109637,-47.226848,88,3337.2
102_0,-23.109730,-47.227020,89,3357.6
102_0,-23.109790,-47.227127,90,3370.5
102_0,-23.109834,-47.227232,91,3382.3
102_0,-23.109954,-47.227626,92,3424.7
102_0,-23.109984,-47.227721,93,3435.0
102_0,-23.110061,-47.228130,94,3477.7
102_0,-23.110094,-47.228505,95,3516.2
102_0,-23.110107,-47.228753,96,3541.6
102_0,-23.110101,-47.229091,97,3576.2
102_0,-23.110092,-47.229318,98,3599.4
102_0,-23.110079,-47.229523,99,3620.4
102_0,-23.109997,-47.229639,100,3635.4
102_0,-23.109966,-47.229665,101,3639.8
102_0,-23.109944,-47.229675,102,3642.4
102_0,-23.109854,-47.229664,103,3652.5
102_0,-23.109764,-47.229627,104,3663.2
102_0,-23.109563,-47.229523,105,3687.9
102_0,-23.109281,-47.229353,106,3723.8
102_0,-23.108932,-47.229122,107,3769.2
102_0,-23.108766,-47.229013,108,3790.8
102_0,-23.108695,-47.228980,109,3799.4
102_0,-23.108584,-47.228943,110,3812.3
102_0,-23.108332,-47.228823,111,3842.9
102_0,-23.107908,-47.228651,112,3893.2
102_0,-23.106935,-47.228292,113,4007.4
102_0,-23.106361,-47.228119,114,4073.7
102_0,-23.106144,-47.228083,115,4098.1
102_0,-23.105777,-47.227947,116,4141.2
102_0,-23.105624,-47.227888,117,4159.2
102_0,-23.105444,-47.227800,118,4181.2
102_0,-23.105277,-47.227702,119,4202.3
102_0,-23.104803,-47.227423,120,4262.2
102_0,-23.104585,-47.227304,121,4289.4
102_0,-23.104534,-47.227280,122,4295.5
102_0,-23.104284,-47.227156,123,4326.1
102_0,-23.104146,-47.227103,124,4342.4
102_0,-23.103767,-47.226958,125,4387.0
102_0,-23.103421,-47.226837,126,4427.5
102_0,-23.103230,-47.226781,127,4449.4
102_0,-23.102775,-47.226663,128,4501.5
102_0,-23.102643,-47.226624,129,4516.7
102_0,-23.102230,-47.226511,130,4564.0
102_0,-23.101643,-47.226347,131,4631.4
102_0,-23.101529,-47.226313,132,4644.6
102_0,-23.101029,-47.226158,133,4702.4
102_0,-23.100497,-47.226020,134,4763.2
102_0,-23.099965,-47.225879,135,4824.1
102_0,-23.099781,-47.225833,136,4845.1
102_0,-23.099571,-47.225754,137,4869.8
102_0,-23.099415,-47.225669,138,4889.2
102_0,-23.100093,-47.223892,139,5086.0
102_0,-23.099568,-47.223671,140,5148.6
102_0,-23.099073,-47.223450,141,5208.1
102_0,-23.098609,-47.223230,142,5264.3
102_0,-23.098169,-47.223031,143,5317.3
102_0,-23.098048,-47.222978,144,5331.8
102_0,-23.097718,-47.222817,145,5372.1
102_0,-23.097269,-47.222619,146,5425.9
102_0,-23.096836,-47.222441,147,5477.4
102_0,-23.096811,-47.222299,148,5492.2
102_0,-23.096745,-47.221737,149,5550.2
102_0,-23.096627,-47.221300,150,5596.7
102_0,-23.096603,-47.221212,151,5606.1
102_0,-23.096486,-47.220874,152,5643.1
102_0,-23.096431,-47.220715,153,5660.4
102_0,-23.096215,-47.220082,154,5729.5
102_0,-23.095745,-47.219212,155,5832.7
102_0,-23.094952,-47.217726,156,6008.4
102_0,-23.094530,-47.216976,157,6098.3
102_0,-23.094494,-47.216914,158,6105.8
102_0,-23.093997,-47.216400,159,6182.1
102_0,-23.093658,-47.216038,160,6234.9
102_0,-23.093525,-47.215899,161,6255.5
102_0,-23.093315,-47.215681,162,6287.8
102_0,-23.093191,-47.215574,163,6305.4
102_0,-23.092966,-47.215483,164,6332.0
102_0,-23.092784,-47.215314,165,6358.7
102_0,-23.092626,-47.215165,166,6381.9
102_0,-23.092316,-47.214967,167,6421.9
102_0,-23.091324,-47.214444,168,6544.5
102_0,-23.091182,-47.214370,169,6562.0
102_0,-23.090625,-47.214084,170,6630.5
102_0,-23.089845,-47.213697,171,6725.8
102_0,-23.089408,-47.214598,172,6830.0
102_0,-23.089231,-47.214960,173,6872.0
102_0,-23.089002,-47.215430,174,6926.4
102_0,-23.088181,-47.214997,175,7027.8
102_0,-23.087361,-47.214555,176,7129.6
102_0,-23.086567,-47.214145,177,7227.3
102_0,-23.086530,-47.214127,178,7231.9
102_0,-23.086873,-47.213419,179,7313.7
102_0,-23.087346,-47.212459,180,7425.1
102_0,-23.087800,-47.211538,181,7532.0
102_0,-23.088240,-47.210713,182,7629.5
102_0,-23.088597,-47.210019,183,7710.9
102_0,-23.088640,-47.209940,184,7720.3
102_0,-23.088672,-47.209866,185,7728.6
102_0,-23.088607,-47.209830,186,7736.7
102_0,-23.087886,-47.209475,187,7824.7
102_0,-23.087536,-47.209303,188,7867.4
102_0,-23.087119,-47.210151,189,7965.8
102_0,-23.086714,-47.210974,190,8061.3
102_0,-23.087800,-47.211538,191,8195.1
102_0,-23.088573,-47.211979,192,8292.2
102_0,-23.089434,-47.212406,193,8397.4
102_0,-23.089730,-47.212558,194,8433.8
102_0,-23.090266,-47.212833,195,8499.7
102_0,-23.091013,-47.213242,196,8592.7
102_0,-23.091130,-47.213299,197,8607.0
102_0,-23.091746,-47.213592,198,8681.7
102_0,-23.092262,-47.213861,199,8745.4
102_0,-23.092364,-47.213944,200,8759.5
102_0,-23.092700,-47.214195,201,8804.9
102_0,-23.093102,-47.214394,202,8854.0
102_0,-23.093182,-47.214433,203,8863.7
102_0,-23.093352,-47.214513,204,8884.3
102_0,-23.093554,-47.214592,205,8908.2
102_0,-23.093654,-47.214627,206,8919.9
102_0,-23.093739,-47.214639,207,8929.4
102_0,-23.093869,-47.214632,208,8943.9
102_0,-23.093980,-47.214616,209,8956.3
102_0,-23.094307,-47.214559,210,8993.2
102_0,-23.094468,-47.214534,211,9011.3
102_0,-23.094534,-47.214515,212,9018.8
102_0,-23.094613,-47.214489,213,9028.0
102_0,-23.094836,-47.214357,214,9056.3
102_0,-23.094894,-47.214333,215,9063.2
102_0,-23.095025,-47.214267,216,9079.2
102_0,-23.095907,-47.213894,217,9184.4
102_0,-23.096285,-47.213731,218,9229.7
102_0,-23.097010,-47.213552,219,9312.3
102_0,-23.097370,-47.213469,220,9353.3
102_0,-23.097542,-47.213426,221,9372.9
102_0,-23.098278,-47.213212,222,9457.6
102_0,-23.099097,-47.212988,223,9551.5
102_0,-23.099382,-47.212908,224,9584.2
102_0,-23.099772,-47.212794,225,9629.1
102_0,-23.100267,-47.212643,226,9686.3
102_0,-23.100656,-47.212517,227,9731.4
102_0,-23.101086,-47.212392,228,9780.9
102_0,-23.101136,-47.212377,229,9786.7
102_0,-23.101391,-47.212320,230,9815.6
102_0,-23.101521,-47.212337,231,9830.2
102_0,-23.101669,-47.212358,232,9846.8
102_0,-23.101804,-47.212330,233,9862.1
102_0,-23.102035,-47.212231,234,9889.7
102_0,-23.102098,-47.212177,235,9898.6
102_0,-23.102172,-47.212153,236,9907.2
102_0,-23.102404,-47.212088,237,9933.8
102_0,-23.103188,-47.211909,238,10022.9
102_0,-23.104221,-47.211661,239,10140.6
102_0,-23.105221,-47.211422,240,10254.4
102_0,-23.105345,-47.211396,241,10268.4
102_0,-23.106257,-47.211182,242,10372.2
102_0,-23.106812,-47.211042,243,10435.5
102_0,-23.107248,-47.210932,244,10485.3
102_0,-23.107731,-47.210833,245,10540.0
102_0,-23.109190,-47.210506,246,10705.6
102_0,-23.109411,-47.210466,247,10730.5
102_0,-23.109759,-47.210394,248,10769.9
102_0,-23.109977,-47.210340,249,10794.8
102_0,-23.110133,-47.210312,250,10812.4
102_0,-23.110295,-47.210291,251,10830.5
102_0,-23.110365,-47.210285,252,10838.3
102_0,-23.110419,-47.210284,253,10844.3
102_0,-23.110585,-47.210273,254,10862.8
102_0,-23.110774,-47.210315,255,10884.3
102_0,-23.110842,-47.210301,256,10891.9
102_0,-23.110874,-47.210291,257,10895.6
102_0,-23.110899,-47.210265,258,10899.5
102_0,-23.110910,-47.210205,259,10905.8
102_0,-23.110809,-47.210083,260,10922.5
102_0,-23.110578,-47.209732,261,10966.7
102_0,-23.110436,-47.209374,262,11006.6
102_0,-23.110373,-47.209263,263,11019.9
102_0,-23.110286,-47.209150,264,11035.0
102_1,-23.110286,-47.209150,1,0.0
102_1,-23.109625,-47.208288,2,114.8
102_1,-23.109450,-47.208051,3,145.9
102_1,-23.109339,-47.207850,4,169.8
102_1,-23.109267,-47.207734,5,184.2
102_1,-23.109137,-47.207587,6,205.0
102_1,-23.108617,-47.206952,7,292.0
102_1,-23.108563,-47.206917,8,299.0
102_1,-23.108511,-47.206884,9,305.6
102_1,-23.108442,-47.206859,10,313.7
102_1,-23.108424,-47.206852,11,315.9
102_1,-23.108343,-47.206859,12,324.9
102_1,-23.108256,-47.206903,13,335.6
102_1,-23.108200,-47.206963,14,344.3
102_1,-23.108110,-47.207079,15,359.8
102_1,-23.107983,-47.207384,16,394.1
102_1,-23.107940,-47.207557,17,412.4
102_1,-23.107875,-47.207873,18,445.5
102_1,-23.107795,-47.208297,19,489.8
102_1,-23.107751,-47.208482,20,509.3
102_1,-23.107662,-47.208764,21,539.8
102_1,-23.107646,-47.208813,22,545.1
102_1,-23.107575,-47.209010,23,566.8
102_1,-23.107547,-47.209071,24,573.7
102_1,-23.107511,-47.209128,25,580.8
102_1,-23.107468,-47.209178,26,587.8
102_1,-23.107419,-47.209221,27,594.8
102_1,-23.107344,-47.209318,28,607.8
102_1,-23.107281,-47.209425,29,620.8
102_1,-23.107115,-47.209750,30,658.8
102_1,-23.107108,-47.209762,31,660.2
102_1,-23.106850,-47.210357,32,727.5
102_1,-23.106719,-47.210565,33,753.3
102_1,-23.106601,-47.210674,34,770.5
102_1,-23.106539,-47.210710,35,778.3
102_1,-23.106473,-47.210735,36,786.1
102_1,-23.105753,-47.211014,37,871.1
102_1,-23.105301,-47.211243,38,926.6
102_1,-23.105198,-47.211316,39,940.2
102_1,-23.105082,-47.211352,40,953.6
102_1,-23.104209,-47.211549,41,1052.8
102_1,-23.103423,-47.211754,42,1142.7
102_1,-23.103043,-47.211815,43,1185.4
102_1,-23.102573,-47.211941,44,1239.2
102_1,-23.102365,-47.212005,45,1263.2
102_1,-23.102149,-47.212083,46,1288.5
102_1,-23.102076,-47.212126,47,1297.8
102_1,-23.101998,-47.212157,48,1307.0
102_1,-23.101673,-47.212238,49,1344.1
102_1,-23.101497,-47.212277,50,1364.1
102_1,-23.101391,-47.212320,51,1376.6
102_1,-23.101136,-47.212377,52,1405.6
102_1,-23.101086,-47.212392,53,1411.4
102_1,-23.100656,-47.212517,54,1460.8
102_1,-23.100267,-47.212643,55,1506.0
102_1,-23.099772,-47.212794,56,1563.1
102_1,-23.099382,-47.212908,57,1608.1
102_1,-23.099097,-47.212988,58,1640.8
102_1,-23.098278,-47.213212,59,1734.7
102_1,-23.097542,-47.213426,60,1819.4
102_1,-23.097370,-47.213469,61,1839.0
102_1,-23.097010,-47.213552,62,1880.0
102_1,-23.096285,-47.213731,63,1962.6
102_1,-23.095907,-47.213894,64,2007.8
102_1,-23.095025,-47.214267,65,2113.1
102_1,-23.094894,-47.214333,66,2129.1
102_1,-23.094836,-47.214357,67,2136.0
102_1,-23.094629,-47.214394,68,2159.4
102_1,-23.094471,-47.214422,69,2177.2
102_1,-23.094381,-47.214435,70,2187.3
102_1,-23.094314,-47.214447,71,2194.8
102_1,-23.094195,-47.214473,72,2208.3
102_1,-23.094138,-47.214488,73,2214.8
102_1,-23.094071,-47.214498,74,2222.3
102_1,-23.093919,-47.214507,75,2239.3
102_1,-23.093802,-47.214499,76,2252.3
102_1,-23.093722,-47.214486,77,2261.3
102_1,-23.093603,-47.214460,78,2274.8
102_1,-23.093423,-47.214385,79,2296.2
102_1,-23.093093,-47.214212,80,2337.0
102_1,-23.092729,-47.214034,81,2381.3
102_1,-23.092500,-47.213905,82,2410.0
102_1,-23.092448,-47.213838,83,2419.0
102_1,-23.092386,-47.213739,84,2431.2
102_1,-23.092301,-47.213608,85,2447.6
102_1,-23.091662,-47.212683,86,2566.0
102_1,-23.091434,-47.212396,87,2604.8
102_1,-23.091226,-47.212182,88,2636.6
102_1,-23.091055,-47.212098,89,2657.5
102_1,-23.090707,-47.211927,90,2699.9
102_1,-23.090645,-47.211895,91,2707.6
102_1,-23.090119,-47.211638,92,2771.7
102_1,-23.089824,-47.211494,93,2807.6
102_1,-23.089116,-47.211147,94,2894.0
102_1,-23.089051,-47.211062,95,2905.3
102_1,-23.089026,-47.210992,96,2913.0
102_1,-23.089016,-47.210902,97,2922.3
102_1,-23.089009,-47.210813,98,2931.4
102_1,-23.088870,-47.210358,99,2980.4
102_1,-23.088771,-47.210012,100,3017.5
102_1,-23.088736,-47.209899,101,3029.7
102_1,-23.088672,-47.209866,102,3037.6
102_1,-23.088607,-47.209830,103,3045.7
102_1,-23.087886,-47.209475,104,3133.7
102_1,-23.087536,-47.209303,105,3176.4
102_1,-23.087119,-47.210151,106,3274.8
102_1,-23.086714,-47.210974,107,3370.2
102_1,-23.087800,-47.211538,108,3504.1
102_1,-23.088573,-47.211979,109,3601.1
102_1,-23.089434,-47.212406,110,3706.4
102_1,-23.089730,-47.212558,111,3742.8
102_1,-23.090266,-47.212833,112,3808.7
102_1,-23.089845,-47.213697,113,3908.7
102_1,-23.089408,-47.214598,114,4012.9
102_1,-23.089231,-47.214960,115,4054.8
102_1,-23.089002,-47.215430,116,4109.2
102_1,-23.088584,-47.216289,117,4208.6
102_1,-23.089396,-47.216732,118,4309.6
102_1,-23.090208,-47.217176,119,4410.7
102_1,-23.090815,-47.217503,120,4486.0
102_1,-23.091038,-47.217631,121,4514.1
102_1,-23.091263,-47.217744,122,4541.6
102_1,-23.091857,-47.218052,123,4614.8
102_1,-23.092654,-47.218467,124,4713.1
102_1,-23.092997,-47.218483,125,4751.2
102_1,-23.093073,-47.218475,126,4759.7
102_1,-23.093342,-47.218424,127,4790.1
102_1,-23.093467,-47.218385,128,4804.6
102_1,-23.093782,-47.218272,129,4841.4
102_1,-23.094326,-47.218091,130,4904.7
102_1,-23.094426,-47.218059,131,4916.3
102_1,-23.094490,-47.218032,132,4923.9
102_1,-23.094578,-47.217980,133,4935.1
102_1,-23.094717,-47.217891,134,4953.0
102_1,-23.094868,-47.217791,135,4972.7
102_1,-23.094952,-47.217726,136,4984.1
102_1,-23.095402,-47.217346,137,5047.5
102_1,-23.095890,-47.217015,138,5111.4
102_1,-23.096490,-47.216667,139,5187.1
102_1,-23.097334,-47.217140,140,5292.6
102_1,-23.097850,-47.217544,141,5363.4
102_1,-23.097910,-47.217614,142,5373.1
102_1,-23.098011,-47.217735,143,5389.9
102_1,-23.098469,-47.218484,144,5481.8
102_1,-23.098891,-47.218918,145,5546.4
102_1,-23.099169,-47.219170,146,5586.7
102_1,-23.099579,-47.219445,147,5640.3
102_1,-23.099890,-47.219605,148,5678.5
102_1,-23.099942,-47.219788,149,5698.1
102_1,-23.099525,-47.220830,150,5814.3
102_1,-23.099284,-47.221509,151,5888.8
102_1,-23.098605,-47.223228,152,6080.1
102_1,-23.099073,-47.223450,153,6136.9
102_1,-23.099568,-47.223671,154,6196.4
102_1,-23.100093,-47.223892,155,6259.0
102_1,-23.100757,-47.222208,156,6446.4
102_1,-23.101393,-47.220486,157,6636.2
102_1,-23.101992,-47.220772,158,6708.9
102_1,-23.102630,-47.221099,159,6787.4
102_1,-23.103053,-47.221364,160,6841.6
102_1,-23.103151,-47.221432,161,6854.6
102_1,-23.103383,-47.221585,162,6884.7
102_1,-23.103689,-47.221809,163,6925.8
102_1,-23.104242,-47.222231,164,7000.9
102_1,-23.104733,-47.222595,165,7067.0
102_1,-23.104806,-47.222650,166,7076.8
102_1,-23.105214,-47.222977,167,7133.2
102_1,-23.105642,-47.223326,168,7192.7
102_1,-23.105744,-47.223416,169,7207.3
102_1,-23.106053,-47.223694,170,7251.9
102_1,-23.106430,-47.224025,171,7305.8
102_1,-23.106508,-47.224104,172,7317.6
102_1,-23.106963,-47.224485,173,7381.5
102_1,-23.107072,-47.224573,174,7396.6
102_1,-23.107405,-47.224850,175,7443.2
102_1,-23.107640,-47.225040,176,7475.8
102_1,-23.107839,-47.225179,177,7502.1
102_1,-23.107996,-47.225316,178,7524.5
102_1,-23.108296,-47.225579,179,7567.3
102_1,-23.108358,-47.225629,180,7575.9
102_1,-23.108753,-47.225955,181,7631.0
102_1,-23.109043,-47.226173,182,7670.3
102_1,-23.109180,-47.226295,183,7689.9
102_1,-23.109332,-47.226463,184,7714.0
102_1,-23.109485,-47.226633,185,7738.4
102_1,-23.109560,-47.226729,186,7751.3
102_1,-23.109637,-47.226848,187,7766.1
102_1,-23.109730,-47.227020,188,7786.5
102_1,-23.109790,-47.227127,189,7799.4
102_1,-23.109834,-47.227232,190,7811.2
102_1,-23.109954,-47.227626,191,7853.6
102_1,-23.109984,-47.227721,192,7863.9
102_1,-23.110061,-47.228130,193,7906.6
102_1,-23.110094,-47.228505,194,7945.1
102_1,-23.110107,-47.228753,195,7970.5
102_1,-23.110101,-47.229091,196,8005.1
102_1,-23.110092,-47.229318,197,8028.3
102_1,-23.110079,-47.229523,198,8049.3
102_1,-23.109997,-47.229639,199,8064.3
102_1,-23.109966,-47.229665,200,8068.6
102_1,-23.109944,-47.229675,201,8071.3
102_1,-23.109854,-47.229664,202,8081.4
102_1,-23.109764,-47.229627,203,8092.1
102_1,-23.109563,-47.229523,204,8116.8
102_1,-23.109281,-47.229353,205,8152.7
102_1,-23.108932,-47.229122,206,8198.1
102_1,-23.108766,-47.229013,207,8219.7
102_1,-23.108695,-47.228980,208,8228.3
102_1,-23.108584,-47.228943,209,8241.2
102_1,-23.108332,-47.228823,210,8271.8
102_1,-23.107908,-47.228651,211,8322.1
102_1,-23.106935,-47.228292,212,8436.3
102_1,-23.107586,-47.226928,213,8593.5
102_1,-23.108296,-47.225579,214,8752.5
102_1,-23.108358,-47.225629,215,8761.0
102_1,-23.108753,-47.225955,216,8816.2
102_1,-23.109043,-47.226173,217,8855.4
102_1,-23.109180,-47.226295,218,8875.1
102_1,-23.109332,-47.226463,219,8899.2
102_1,-23.109485,-47.226633,220,8923.5
102_1,-23.109560,-47.226729,221,8936.4
102_1,-23.109637,-47.226848,222,8951.3
102_1,-23.109730,-47.227020,223,8971.7
102_1,-23.109790,-47.227127,224,8984.5
102_1,-23.109834,-47.227232,225,8996.3
102_1,-23.109954,-47.227626,226,9038.7
102_1,-23.109984,-47.227721,227,9049.0
102_1,-23.110061,-47.228130,228,9091.7
102_1,-23.110094,-47.228505,229,9130.2
102_1,-23.110107,-47.228753,230,9155.6
102_1,-23.110101,-47.229091,231,9190.2
102_1,-23.110092,-47.229318,232,9213.4
102_1,-23.110079,-47.229523,233,9234.5
102_1,-23.110044,-47.229838,234,9266.9
102_1,-23.110025,-47.229942,235,9277.8
102_1,-23.109870,-47.230297,236,9317.9
102_1,-23.109754,-47.230526,237,9344.7
102_1,-23.109730,-47.230569,238,9349.8
102_1,-23.109678,-47.230645,239,9359.5
102_1,-23.109612,-47.230711,240,9369.5
102_1,-23.109571,-47.230773,241,9377.3
102_1,-23.109530,-47.230813,242,9383.4
102_1,-23.109390,-47.230919,243,9402.4
102_1,-23.109331,-47.230964,244,9410.4
102_1,-23.109304,-47.230984,245,9414.0
102_1,-23.109283,-47.231029,246,9419.2
102_1,-23.109300,-47.231066,247,9423.4
102_1,-23.109359,-47.231083,248,9430.2
102_1,-23.109447,-47.231108,249,9440.3
102_1,-23.109960,-47.231316,250,9501.2
102_1,-23.110935,-47.231738,251,9617.9
102_1,-23.111056,-47.231754,252,9631.5
102_1,-23.111330,-47.231873,253,9664.3
102_1,-23.111727,-47.232032,254,9711.3
102_1,-23.111792,-47.232060,255,9719.1
102_1,-23.112263,-47.232258,256,9775.2
102_1,-23.112596,-47.232361,257,9813.7
102_1,-23.112698,-47.232406,258,9826.0
102_1,-23.112888,-47.232485,259,9848.6
102_1,-23.113203,-47.232616,260,9886.1
102_1,-23.113679,-47.232801,261,9942.3
102_1,-23.114078,-47.232944,262,9989.0
102_1,-23.114604,-47.233103,263,10049.7
102_1,-23.115152,-47.233263,264,10112.8
102_1,-23.115458,-47.233331,265,10147.5
102_1,-23.115768,-47.233373,266,10182.3
102_1,-23.115822,-47.233460,267,10193.0
102_1,-23.116295,-47.233602,268,10247.6
102_1,-23.116816,-47.233758,269,10307.7
102_1,-23.117043,-47.233824,270,10333.8
102_1,-23.117416,-47.233932,271,10376.7
102_1,-23.117389,-47.234017,272,10385.9
102_1,-23.117222,-47.234637,273,10452.0
102_1,-23.117000,-47.235491,274,10542.7
102_1,-23.116974,-47.235599,275,10554.2
102_1,-23.116957,-47.235664,276,10561.1
102_1,-23.116516,-47.237255,277,10731.0
102_1,-23.116493,-47.237347,278,10740.7
102_1,-23.116471,-47.237430,279,10749.6
102_1,-23.116120,-47.238820,280,10897.0
102_1,-23.116093,-47.238926,281,10908.2
102_1,-23.116173,-47.238950,282,10917.5
102_1,-23.116233,-47.238968,283,10924.4
102_1,-23.116620,-47.239085,284,10969.1
102_1,-23.116770,-47.239130,285,10986.4
102_1,-23.117330,-47.239298,286,11051.0
102_1,-23.117880,-47.239464,287,11114.4
102_1,-23.118477,-47.239642,288,11183.3
102_1,-23.118604,-47.239682,289,11198.0
102_1,-23.119037,-47.239815,290,11248.0
102_1,-23.119573,-47.239973,291,11309.7
102_1,-23.120135,-47.240145,292,11374.7
102_1,-23.120704,-47.240309,293,11440.1
102_1,-23.121260,-47.240471,294,11504.1
102_1,-23.121808,-47.240640,295,11567.5
102_1,-23.122368,-47.240815,296,11632.3
102_1,-23.122066,-47.242020,297,11760.0
103_0,-23.067166,-47.214752,1,0.0
103_0,-23.067517,-47.214979,2,45.4
103_0,-23.068814,-47.212774,3,313.2
103_0,-23.069307,-47.213043,4,374.5
103_0,-23.069899,-47.213378,5,448.7
103_0,-23.070293,-47.213602,6,498.2
103_0,-23.070971,-47.213986,7,583.2
103_0,-23.071980,-47.214558,8,709.7
103_0,-23.072087,-47.214616,9,723.0
103_0,-23.072150,-47.214644,10,730.6
103_0,-23.072224,-47.214655,11,738.9
103_0,-23.072895,-47.214612,12,813.6
103_0,-23.073230,-47.214590,13,850.9
103_0,-23.073401,-47.214580,14,870.0
103_0,-23.073620,-47.214078,15,926.8
103_0,-23.073875,-47.213506,16,991.8
103_0,-23.074871,-47.214055,17,1116.0
103_0,-23.075033,-47.214165,18,1137.2
103_0,-23.075142,-47.214314,19,1156.7
103_0,-23.075133,-47.214352,20,1160.7
103_0,-23.075140,-47.214382,21,1163.9
103_0,-23.075159,-47.214414,22,1167.8
103_0,-23.075197,-47.214441,23,1172.8
103_0,-23.075574,-47.214091,24,1228.0
103_0,-23.075622,-47.214051,25,1234.7
103_0,-23.075677,-47.214005,26,1242.4
103_0,-23.075769,-47.213926,27,1255.5
103_0,-23.075845,-47.213859,28,1266.3
103_0,-23.076681,-47.213052,29,1390.7
103_0,-23.076852,-47.212888,30,1416.0
103_0,-23.076970,-47.212789,31,1432.6
103_0,-23.077129,-47.212684,32,1453.3
103_0,-23.077302,-47.212613,33,1473.8
103_0,-23.077573,-47.212571,34,1504.3
103_0,-23.077672,-47.212561,35,1515.3
103_0,-23.077776,-47.212554,36,1526.9
103_0,-23.077862,-47.212555,37,1536.5
103_0,-23.077924,-47.212557,38,1543.4
103_0,-23.078719,-47.212536,39,1631.8
103_0,-23.078893,-47.212495,40,1651.6
103_0,-23.079001,-47.212455,41,1664.3
103_0,-23.079116,-47.212412,42,1677.8
103_0,-23.079208,-47.212355,43,1689.6
103_0,-23.079293,-47.212299,44,1700.6
103_0,-23.079406,-47.212213,45,1716.0
103_0,-23.079669,-47.211988,46,1753.2
103_0,-23.079770,-47.211862,47,1770.3
103_0,-23.080002,-47.211510,48,1814.6
103_0,-23.080044,-47.211382,49,1828.5
103_0,-23.080092,-47.211117,50,1856.1
103_0,-23.080233,-47.210656,51,1905.8
103_0,-23.080426,-47.209953,52,1980.9
103_0,-23.080546,-47.209590,53,2020.3
103_0,-23.080681,-47.209251,54,2058.1
103_0,-23.080829,-47.208936,55,2094.3
103_0,-23.081304,-47.207957,56,2207.5
103_0,-23.081676,-47.207188,57,2296.4
103_0,-23.082095,-47.206321,58,2396.6
103_0,-23.082151,-47.206201,59,2410.3
103_0,-23.082485,-47.205487,60,2492.3
103_0,-23.082375,-47.205423,61,2506.1
103_0,-23.082218,-47.205332,62,2525.9
103_0,-23.082023,-47.205219,63,2550.5
103_0,-23.081602,-47.204976,64,2603.5
103_0,-23.081136,-47.204714,65,2661.8
103_0,-23.080863,-47.204561,66,2696.0
103_0,-23.081250,-47.203750,67,2789.4
103_0,-23.082008,-47.204175,68,2884.3
103_0,-23.082744,-47.204612,69,2977.5
103_0,-23.082882,-47.204687,70,2994.7
103_0,-23.083393,-47.204962,71,3058.1
103_0,-23.083954,-47.205283,72,3128.6
103_0,-23.084539,-47.205596,73,3201.1
103_0,-23.085003,-47.205862,74,3259.4
103_0,-23.086063,-47.206436,75,3391.1
103_0,-23.086138,-47.206480,76,3400.6
103_0,-23.086752,-47.206819,77,3477.2
103_0,-23.087200,-47.207067,78,3533.1
103_0,-23.087881,-47.207407,79,3616.4
103_0,-23.088090,-47.208092,80,3690.2
103_0,-23.088197,-47.208464,81,3730.1
103_0,-23.088205,-47.208492,82,3733.1
103_0,-23.088242,-47.208615,83,3746.3
103_0,-23.088279,-47.208741,84,3759.8
103_0,-23.088340,-47.208946,85,3781.9
103_0,-23.088382,-47.209088,86,3797.1
103_0,-23.088522,-47.209558,87,3847.7
103_0,-23.088557,-47.209695,88,3862.2
103_0,-23.088607,-47.209830,89,3877.1
103_0,-23.087886,-47.209475,90,3965.1
103_0,-23.087536,-47.209303,91,4007.8
103_0,-23.087119,-47.210151,92,4106.2
103_0,-23.086714,-47.210974,93,4201.7
103_0,-23.087800,-47.211538,94,4335.5
103_0,-23.088573,-47.211979,95,4432.6
103_0,-23.089434,-47.212406,96,4537.8
103_0,-23.089730,-47.212558,97,4574.2
103_0,-23.090266,-47.212833,98,4640.1
103_0,-23.091013,-47.213242,99,4733.1
103_0,-23.091130,-47.213299,100,4747.3
103_0,-23.091746,-47.213592,101,4822.1
103_0,-23.092262,-47.213861,102,4885.7
103_0,-23.092364,-47.213944,103,4899.9
103_0,-23.092700,-47.214195,104,4945.2
103_0,-23.093102,-47.214394,105,4994.4
103_0,-23.093182,-47.214433,106,5004.1
103_0,-23.093352,-47.214513,107,5024.7
103_0,-23.093554,-47.214592,108,5048.6
103_0,-23.093654,-47.214627,109,5060.3
103_0,-23.093739,-47.214639,110,5069.8
103_0,-23.093869,-47.214632,111,5084.3
103_0,-23.093980,-47.214616,112,5096.7
103_0,-23.094307,-47.214559,113,5133.5
103_0,-23.094468,-47.214534,114,5151.6
103_0,-23.094534,-47.214515,115,5159.2
103_0,-23.094613,-47.214489,116,5168.4
103_0,-23.094836,-47.214357,117,5196.6
103_0,-23.094894,-47.214333,118,5203.5
103_0,-23.095025,-47.214267,119,5219.6
103_0,-23.095907,-47.213894,120,5324.8
103_0,-23.096285,-47.213731,121,5370.0
103_0,-23.097010,-47.213552,122,5452.7
103_0,-23.097370,-47.213469,123,5493.6
103_0,-23.097542,-47.213426,124,5513.3
103_0,-23.098278,-47.213212,125,5598.0
103_0,-23.099097,-47.212988,126,5691.9
103_0,-23.099382,-47.212908,127,5724.6
103_0,-23.099772,-47.212794,128,5769.5
103_0,-23.100267,-47.212643,129,5826.7
103_0,-23.100656,-47.212517,130,5871.8
103_0,-23.101086,-47.212392,131,5921.3
103_0,-23.101136,-47.212377,132,5927.1
103_0,-23.101391,-47.212320,133,5956.0
103_0,-23.101521,-47.212337,134,5970.6
103_0,-23.101669,-47.212358,135,5987.2
103_0,-23.101804,-47.212330,136,6002.5
103_0,-23.102035,-47.212231,137,6030.1
103_0,-23.102098,-47.212177,138,6039.0
103_0,-23.102172,-47.212153,139,6047.6
103_0,-23.102404,-47.212088,140,6074.2
103_0,-23.103188,-47.211909,141,6163.3
103_0,-23.104221,-47.211661,142,6280.9
103_0,-23.105221,-47.211422,143,6394.8
103_0,-23.105345,-47.211396,144,6408.8
103_0,-23.106257,-47.211182,145,6512.6
103_0,-23.106812,-47.211042,146,6575.9
103_0,-23.107248,-47.210932,147,6625.7
103_0,-23.107731,-47.210833,148,6680.3
103_0,-23.109190,-47.210506,149,6846.0
103_0,-23.109411,-47.210466,150,6870.9
103_0,-23.109759,-47.210394,151,6910.3
103_0,-23.109977,-47.210340,152,6935.1
103_0,-23.110133,-47.210312,153,6952.7
103_0,-23.110295,-47.210291,154,6970.9
103_0,-23.110365,-47.210285,155,6978.7
103_0,-23.110419,-47.210284,156,6984.7
103_0,-23.110585,-47.210273,157,7003.2
103_0,-23.110774,-47.210315,158,7024.6
103_0,-23.110842,-47.210301,159,7032.3
103_0,-23.110874,-47.210291,160,7036.0
103_0,-23.110899,-47.210265,161,7039.9
103_0,-23.110910,-47.210205,162,7046.1
103_0,-23.110809,-47.210083,163,7062.9
103_0,-23.110578,-47.209732,164,7107.1
103_0,-23.110436,-47.209374,165,7146.9
103_0,-23.110373,-47.209263,166,7160.3
103_0,-23.110286,-47.209150,167,7175.3
103_0,-23.109625,-47.208288,168,7290.1
103_0,-23.109450,-47.208051,169,7321.2
103_0,-23.109339,-47.207850,170,7345.2
103_0,-23.109267,-47.207734,171,7359.5
103_0,-23.109137,-47.207587,172,7380.3
103_0,-23.108617,-47.206952,173,7467.3
103_0,-23.108558,-47.206877,174,7477.4
103_0,-23.108348,-47.206614,175,7513.0
103_0,-23.108268,-47.206515,176,7526.5
103_0,-23.108010,-47.206159,177,7572.8
103_0,-23.107905,-47.206035,178,7590.1
103_0,-23.107810,-47.205909,179,7606.7
103_0,-23.107796,-47.205884,180,7609.7
103_0,-23.107776,-47.205865,181,7612.7
103_0,-23.107751,-47.205855,182,7615.7
103_0,-23.107695,-47.205788,183,7624.9
103_0,-23.106502,-47.204344,184,7823.4
103_0,-23.105967,-47.203648,185,7916.2
103_0,-23.105756,-47.203867,186,7948.6
103_0,-23.105663,-47.203953,187,7962.2
103_1,-23.105663,-47.203953,1,0.0
103_1,-23.105756,-47.203867,2,13.6
103_1,-23.105967,-47.203648,3,46.0
103_1,-23.106502,-47.204344,4,138.8
103_1,-23.107695,-47.205788,5,337.3
103_1,-23.107699,-47.205865,6,345.2
103_1,-23.107676,-47.205887,7,348.6
103_1,-23.107662,-47.205917,8,352.0
103_1,-23.107660,-47.205945,9,354.9
103_1,-23.107667,-47.205972,10,357.8
103_1,-23.107677,-47.205991,11,360.0
103_1,-23.107692,-47.206007,12,362.3
103_1,-23.107705,-47.206080,13,370.0
103_1,-23.107684,-47.207282,14,492.9
103_1,-23.107683,-47.207363,15,501.2
103_1,-23.107983,-47.207384,16,534.6
103_1,-23.107940,-47.207557,17,552.9
103_1,-23.107875,-47.207873,18,586.1
103_1,-23.107795,-47.208297,19,630.3
103_1,-23.107751,-47.208482,20,649.9
103_1,-23.107662,-47.208764,21,680.4
103_1,-23.107646,-47.208813,22,685.7
103_1,-23.107575,-47.209010,23,707.3
103_1,-23.107547,-47.209071,24,714.3
103_1,-23.107511,-47.209128,25,721.4
103_1,-23.107468,-47.209178,26,728.4
103_1,-23.107419,-47.209221,27,735.4
103_1,-23.107344,-47.209318,28,748.3
103_1,-23.107281,-47.209425,29,761.3
103_1,-23.107115,-47.209750,30,799.3
103_1,-23.107108,-47.209762,31,800.8
103_1,-23.106850,-47.210357,32,868.1
103_1,-23.106719,-47.210565,33,893.9
103_1,-23.106601,-47.210674,34,911.1
103_1,-23.106539,-47.210710,35,918.9
103_1,-23.106473,-47.210735,36,926.7
103_1,-23.105753,-47.211014,37,1011.7
103_1,-23.105301,-47.211243,38,1067.1
103_1,-23.105281,-47.211286,39,1072.0
103_1,-23.105293,-47.211332,40,1076.9
103_1,-23.105345,-47.211396,41,1085.7
103_1,-23.106257,-47.211182,42,1189.4
103_1,-23.106812,-47.211042,43,1252.8
103_1,-23.107248,-47.210932,44,1302.5
103_1,-23.107731,-47.210833,45,1357.2
103_1,-23.109190,-47.210506,46,1522.8
103_1,-23.109411,-47.210466,47,1547.7
103_1,-23.109759,-47.210394,48,1587.1
103_1,-23.109977,-47.210340,49,1612.0
103_1,-23.110133,-47.210312,50,1629.6
103_1,-23.110295,-47.210291,51,1647.7
103_1,-23.110365,-47.210285,52,1655.5
103_1,-23.110419,-47.210284,53,1661.5
103_1,-23.110585,-47.210273,54,1680.0
103_1,-23.110774,-47.210315,55,1701.5
103_1,-23.110842,-47.210301,56,1709.2
103_1,-23.110874,-47.210291,57,1712.9
103_1,-23.110899,-47.210265,58,1716.7
103_1,-23.110910,-47.210205,59,1723.0
103_1,-23.110809,-47.210083,60,1739.8
103_1,-23.110578,-47.209732,61,1783.9
103_1,-23.110436,-47.209374,62,1823.8
103_1,-23.110373,-47.209263,63,1837.1
103_1,-23.110286,-47.209150,64,1852.2
103_1,-23.109625,-47.208288,65,1967.0
103_1,-23.109450,-47.208051,66,1998.0
103_1,-23.109339,-47.207850,67,2022.0
103_1,-23.109267,-47.207734,68,2036.3
103_1,-23.109137,-47.207587,69,2057.2
103_1,-23.108617,-47.206952,70,2144.1
103_1,-23.108563,-47.206917,71,2151.1
103_1,-23.108511,-47.206884,72,2157.8
103_1,-23.108442,-47.206859,73,2165.9
103_1,-23.108424,-47.206852,74,2168.0
103_1,-23.108343,-47.206859,75,2177.1
103_1,-23.108256,-47.206903,76,2187.7
103_1,-23.108200,-47.206963,77,2196.5
103_1,-23.108110,-47.207079,78,2212.0
103_1,-23.107983,-47.207384,79,2246.2
103_1,-23.107940,-47.207557,80,2264.6
103_1,-23.107875,-47.207873,81,2297.7
103_1,-23.107795,-47.208297,82,2342.0
103_1,-23.107751,-47.208482,83,2361.5
103_1,-23.107662,-47.208764,84,2392.0
103_1,-23.107646,-47.208813,85,2397.3
103_1,-23.107575,-47.209010,86,2418.9
103_1,-23.107547,-47.209071,87,2425.9
103_1,-23.107511,-47.209128,88,2433.0
103_1,-23.107468,-47.209178,89,2440.0
103_1,-23.107419,-47.209221,90,2447.0
103_1,-23.107344,-47.209318,91,2460.0
103_1,-23.107281,-47.209425,92,2472.9
103_1,-23.107115,-47.209750,93,2511.0
103_1,-23.107108,-47.209762,94,2512.4
103_1,-23.106850,-47.210357,95,2579.7
103_1,-23.106719,-47.210565,96,2605.5
103_1,-23.106601,-47.210674,97,2622.7
103_1,-23.106539,-47.210710,98,2630.5
103_1,-23.106473,-47.210735,99,2638.3
103_1,-23.105753,-47.211014,100,2723.3
103_1,-23.105301,-47.211243,101,2778.7
103_1,-23.105198,-47.211316,102,2792.4
103_1,-23.105082,-47.211352,103,2805.8
103_1,-23.104209,-47.211549,104,2905.0
103_1,-23.103423,-47.211754,105,2994.8
103_1,-23.103043,-47.211815,106,3037.5
103_1,-23.102573,-47.211941,107,3091.4
103_1,-23.102365,-47.212005,108,3115.4
103_1,-23.102149,-47.212083,109,3140.7
103_1,-23.102076,-47.212126,110,3150.0
103_1,-23.101998,-47.212157,111,3159.2
103_1,-23.101673,-47.212238,112,3196.3
103_1,-23.101497,-47.212277,113,3216.2
103_1,-23.101391,-47.212320,114,3228.8
103_1,-23.101136,-47.212377,115,3257.8
103_1,-23.101086,-47.212392,116,3263.5
103_1,-23.100656,-47.212517,117,3313.0
103_1,-23.100267,-47.212643,118,3358.2
103_1,-23.099772,-47.212794,119,3415.3
103_1,-23.099382,-47.212908,120,3460.2
103_1,-23.099097,-47.212988,121,3493.0
103_1,-23.098278,-47.213212,122,3586.9
103_1,-23.097542,-47.213426,123,3671.6
103_1,-23.097370,-47.213469,124,3691.2
103_1,-23.097010,-47.213552,125,3732.1
103_1,-23.096285,-47.213731,126,3814.8
103_1,-23.095907,-47.213894,127,3860.0
103_1,-23.095025,-47.214267,128,3965.2
103_1,-23.094894,-47.214333,129,3981.3
103_1,-23.094836,-47.214357,130,3988.2
103_1,-23.094629,-47.214394,131,4011.5
103_1,-23.094471,-47.214422,132,4029.3
103_1,-23.094381,-47.214435,133,4039.4
103_1,-23.094314,-47.214447,134,4047.0
103_1,-23.094195,-47.214473,135,4060.5
103_1,-23.094138,-47.214488,136,4067.0
103_1,-23.094071,-47.214498,137,4074.5
103_1,-23.093919,-47.214507,138,4091.4
103_1,-23.093802,-47.214499,139,4104.5
103_1,-23.093722,-47.214486,140,4113.5
103_1,-23.093603,-47.214460,141,4127.0
103_1,-23.093423,-47.214385,142,4148.4
103_1,-23.093093,-47.214212,143,4189.1
103_1,-23.092729,-47.214034,144,4233.5
103_1,-23.092500,-47.213905,145,4262.2
103_1,-23.092448,-47.213838,146,4271.2
103_1,-23.092386,-47.213739,147,4283.4
103_1,-23.092301,-47.213608,148,4299.8
103_1,-23.091662,-47.212683,149,4418.1
103_1,-23.091434,-47.212396,150,4456.9
103_1,-23.091226,-47.212182,151,4488.8
103_1,-23.091055,-47.212098,152,4509.6
103_1,-23.090707,-47.211927,153,4552.1
103_1,-23.090645,-47.211895,154,4559.7
103_1,-23.090119,-47.211638,155,4623.9
103_1,-23.089824,-47.211494,156,4659.8
103_1,-23.089116,-47.211147,157,4746.2
103_1,-23.089051,-47.211062,158,4757.5
103_1,-23.089026,-47.210992,159,4765.2
103_1,-23.089016,-47.210902,160,4774.4
103_1,-23.089009,-47.210813,161,4783.6
103_1,-23.088870,-47.210358,162,4832.6
103_1,-23.088771,-47.210012,163,4869.7
103_1,-23.088736,-47.209899,164,4881.9
103_1,-23.088672,-47.209866,165,4889.7
103_1,-23.088607,-47.209830,166,4897.9
103_1,-23.087886,-47.209475,167,4985.9
103_1,-23.087536,-47.209303,168,5028.6
103_1,-23.087119,-47.210151,169,5126.9
103_1,-23.086011,-47.209618,170,5261.7
103_1,-23.084948,-47.208999,171,5395.8
103_1,-23.085348,-47.208144,172,5493.9
103_1,-23.085748,-47.207301,173,5590.9
103_1,-23.086138,-47.206480,174,5685.4
103_1,-23.086192,-47.206377,175,5697.5
103_1,-23.086120,-47.206332,176,5706.8
103_1,-23.085059,-47.205753,177,5838.8
103_1,-23.084588,-47.205494,178,5897.5
103_1,-23.084014,-47.205163,179,5969.7
103_1,-23.083450,-47.204849,180,6040.2
103_1,-23.082936,-47.204574,181,6103.9
103_1,-23.082800,-47.204499,182,6120.9
103_1,-23.082744,-47.204612,183,6134.0
103_1,-23.082375,-47.205423,184,6226.5
103_1,-23.082218,-47.205332,185,6246.3
103_1,-23.082023,-47.205219,186,6270.9
103_1,-23.081602,-47.204976,187,6323.9
103_1,-23.081136,-47.204714,188,6382.2
103_1,-23.080863,-47.204561,189,6416.4
103_1,-23.081250,-47.203750,190,6509.8
103_1,-23.082008,-47.204175,191,6604.7
103_1,-23.082744,-47.204612,192,6697.9
103_1,-23.082375,-47.205423,193,6790.5
103_1,-23.082320,-47.205535,194,6803.5
103_1,-23.081969,-47.206249,195,6886.3
103_1,-23.081556,-47.207118,196,6986.3
103_1,-23.081174,-47.207884,197,7075.5
103_1,-23.080763,-47.208722,198,7172.6
103_1,-23.080692,-47.208863,199,7189.1
103_1,-23.080504,-47.209285,200,7237.0
103_1,-23.080386,-47.209573,201,7269.3
103_1,-23.080288,-47.209864,202,7301.0
103_1,-23.080089,-47.210580,203,7377.5
103_1,-23.079913,-47.211280,204,7451.7
103_1,-23.079872,-47.211392,205,7464.0
103_1,-23.079776,-47.211591,206,7487.0
103_1,-23.079639,-47.211782,207,7511.8
103_1,-23.079508,-47.211937,208,7533.3
103_1,-23.079379,-47.212055,209,7552.1
103_1,-23.079250,-47.212153,210,7569.6
103_1,-23.078996,-47.212288,211,7601.0
103_1,-23.078861,-47.212344,212,7617.1
103_1,-23.078689,-47.212405,213,7637.2
103_1,-23.078385,-47.212437,214,7671.2
103_1,-23.078005,-47.212444,215,7713.4
103_1,-23.077913,-47.212441,216,7723.7
103_1,-23.077766,-47.212441,217,7740.0
103_1,-23.077667,-47.212444,218,7751.0
103_1,-23.077611,-47.212445,219,7757.2
103_1,-23.077555,-47.212450,220,7763.5
103_1,-23.077349,-47.212482,221,7786.6
103_1,-23.077249,-47.212496,222,7797.8
103_1,-23.077110,-47.212531,223,7813.7
103_1,-23.076966,-47.212588,224,7830.7
103_1,-23.076832,-47.212701,225,7849.6
103_1,-23.076568,-47.212932,226,7887.3
103_1,-23.076108,-47.213375,227,7955.6
103_1,-23.075739,-47.213727,228,8010.2
103_1,-23.075648,-47.213814,229,8023.7
103_1,-23.075526,-47.213934,230,8042.0
103_1,-23.075142,-47.214314,231,8099.7
103_1,-23.074969,-47.214478,232,8125.3
103_1,-23.074786,-47.214632,233,8151.0
103_1,-23.074762,-47.214570,234,8157.9
103_1,-23.074742,-47.214529,235,8162.6
103_1,-23.074698,-47.214492,236,8168.8
103_1,-23.073401,-47.214580,237,8313.3
103_1,-23.073230,-47.214590,238,8332.4
103_1,-23.072895,-47.214612,239,8369.7
103_1,-23.072224,-47.214655,240,8444.4
103_1,-23.072150,-47.214644,241,8452.7
103_1,-23.072087,-47.214616,242,8460.3
103_1,-23.071980,-47.214558,243,8473.6
103_1,-23.070971,-47.213986,244,8600.1
103_1,-23.070293,-47.213602,245,8685.1
103_1,-23.069899,-47.213378,246,8734.6
103_1,-23.069307,-47.213043,247,8808.8
103_1,-23.068814,-47.212774,248,8870.1
103_1,-23.067517,-47.214979,249,9137.9
103_1,-23.067166,-47.214752,250,9183.3
104_0,-23.087886,-47.209475,1,0.0
104_0,-23.087536,-47.209303,2,42.7
104_0,-23.087119,-47.210151,3,141.1
104_0,-23.086714,-47.210974,4,236.5
104_0,-23.087800,-47.211538,5,370.4
104_0,-23.088573,-47.211979,6,467.4
104_0,-23.089434,-47.212406,7,572.7
104_0,-23.089730,-47.212558,8,609.1
104_0,-23.090266,-47.212833,9,675.0
104_0,-23.089845,-47.213697,10,775.0
104_0,-23.089408,-47.214598,11,879.2
104_0,-23.089231,-47.214960,12,921.1
104_0,-23.089002,-47.215430,13,975.5
104_0,-23.088584,-47.216289,14,1074.9
104_0,-23.089396,-47.216732,15,1175.9
104_0,-23.090208,-47.217176,16,1277.0
104_0,-23.090815,-47.217503,17,1352.3
104_0,-23.091038,-47.217631,18,1380.4
104_0,-23.091263,-47.217744,19,1407.9
104_0,-23.091857,-47.218052,20,1481.1
104_0,-23.092654,-47.218467,21,1579.4
104_0,-23.092997,-47.218483,22,1617.6
104_0,-23.093073,-47.218475,23,1626.0
104_0,-23.093342,-47.218424,24,1656.4
104_0,-23.093467,-47.218385,25,1670.9
104_0,-23.093782,-47.218272,26,1707.7
104_0,-23.094326,-47.218091,27,1771.0
104_0,-23.094426,-47.218059,28,1782.6
104_0,-23.094490,-47.218032,29,1790.2
104_0,-23.094578,-47.217980,30,1801.4
104_0,-23.094717,-47.217891,31,1819.3
104_0,-23.094868,-47.217791,32,1839.0
104_0,-23.094952,-47.217726,33,1850.4
104_0,-23.095402,-47.217346,34,1913.8
104_0,-23.095890,-47.217015,35,1977.8
104_0,-23.095981,-47.216962,36,1989.2
104_0,-23.096490,-47.216667,37,2053.4
104_0,-23.097334,-47.217140,38,2159.0
104_0,-23.097850,-47.217544,39,2229.7
104_0,-23.097910,-47.217614,40,2239.4
104_0,-23.098011,-47.217735,41,2256.2
104_0,-23.098469,-47.218484,42,2348.2
104_0,-23.098891,-47.218918,43,2412.7
104_0,-23.099169,-47.219170,44,2453.0
104_0,-23.099579,-47.219445,45,2506.6
104_0,-23.099890,-47.219605,46,2544.8
104_0,-23.099942,-47.219788,47,2564.4
104_0,-23.100071,-47.219858,48,2580.4
104_0,-23.100165,-47.219907,49,2592.0
104_0,-23.100387,-47.220022,50,2619.4
104_0,-23.100878,-47.220253,51,2678.9
104_0,-23.101393,-47.220486,52,2740.9
104_0,-23.101427,-47.220345,53,2755.8
104_0,-23.101450,-47.220205,54,2770.3
104_0,-23.101944,-47.218974,55,2907.7
104_0,-23.101948,-47.218964,56,2908.8
104_0,-23.101933,-47.218771,57,2928.6
104_0,-23.101939,-47.218618,58,2944.3
104_0,-23.101938,-47.218562,59,2950.0
104_0,-23.101955,-47.218420,60,2964.7
104_0,-23.102468,-47.216962,61,3124.3
104_0,-23.102522,-47.216814,62,3140.6
104_0,-23.102979,-47.216976,63,3194.1
104_0,-23.103357,-47.217125,64,3238.8
104_0,-23.103436,-47.217045,65,3250.8
104_0,-23.104584,-47.216368,66,3396.0
104_0,-23.104389,-47.215781,67,3459.8
104_0,-23.104187,-47.215188,68,3524.5
104_0,-23.103984,-47.214562,69,3592.4
104_0,-23.103815,-47.213992,70,3653.6
104_0,-23.103464,-47.213113,71,3751.7
104_0,-23.103313,-47.212508,72,3815.8
104_0,-23.103188,-47.211909,73,3878.6
104_0,-23.104221,-47.211661,74,3996.2
104_0,-23.105221,-47.211422,75,4110.1
104_0,-23.105345,-47.211396,76,4124.1
104_0,-23.106257,-47.211182,77,4227.9
104_0,-23.106812,-47.211042,78,4291.2
104_0,-23.107248,-47.210932,79,4341.0
104_0,-23.107731,-47.210833,80,4395.6
104_0,-23.109190,-47.210506,81,4561.3
104_0,-23.109411,-47.210466,82,4586.2
104_0,-23.109759,-47.210394,83,4625.6
104_0,-23.109977,-47.210340,84,4650.4
104_0,-23.110133,-47.210312,85,4668.0
104_0,-23.110295,-47.210291,86,4686.2
104_0,-23.110365,-47.210285,87,4694.0
104_0,-23.110419,-47.210284,88,4700.0
104_0,-23.110585,-47.210273,89,4718.5
104_0,-23.110774,-47.210315,90,4739.9
104_0,-23.110842,-47.210301,91,4747.6
104_0,-23.110874,-47.210291,92,4751.3
104_0,-23.110899,-47.210265,93,4755.2
104_0,-23.110910,-47.210205,94,4761.4
104_0,-23.110809,-47.210083,95,4778.2
104_0,-23.110578,-47.209732,96,4822.4
104_0,-23.110436,-47.209374,97,4862.2
104_0,-23.110373,-47.209263,98,4875.6
104_0,-23.110286,-47.209150,99,4890.6
104_0,-23.109625,-47.208288,100,5005.4
104_0,-23.109450,-47.208051,101,5036.5
104_0,-23.109339,-47.207850,102,5060.5
104_0,-23.109267,-47.207734,103,5074.8
104_0,-23.109137,-47.207587,104,5095.6
104_0,-23.108617,-47.206952,105,5182.6
104_0,-23.108558,-47.206877,106,5192.7
104_0,-23.108348,-47.206614,107,5228.3
104_0,-23.108268,-47.206515,108,5241.8
104_0,-23.108010,-47.206159,109,5288.1
104_0,-23.107905,-47.206035,110,5305.4
104_0,-23.107810,-47.205909,111,5322.0
104_0,-23.107796,-47.205884,112,5325.0
104_0,-23.107776,-47.205865,113,5328.0
104_0,-23.107751,-47.205855,114,5331.0
104_0,-23.107695,-47.205788,115,5340.2
104_0,-23.106502,-47.204344,116,5538.7
104_0,-23.105967,-47.203648,117,5631.5
104_0,-23.105756,-47.203867,118,5663.9
104_0,-23.105663,-47.203953,119,5677.5
104_0,-23.105360,-47.204234,120,5721.8
104_0,-23.104982,-47.203778,121,5784.6
104_0,-23.103783,-47.204235,122,5925.9
104_0,-23.103234,-47.204436,123,5990.3
104_0,-23.102676,-47.204646,124,6055.9
104_0,-23.102092,-47.204831,125,6123.6
104_0,-23.101512,-47.205047,126,6191.7
104_0,-23.100932,-47.205268,127,6260.1
104_0,-23.100403,-47.205570,128,6326.5
104_0,-23.099856,-47.205894,129,6395.8
104_0,-23.099315,-47.206211,130,6464.1
104_0,-23.098599,-47.206718,131,6559.1
104_0,-23.098012,-47.207100,132,6635.2
104_0,-23.097299,-47.207407,133,6720.5
104_0,-23.096822,-47.207601,134,6777.1
104_0,-23.096603,-47.207689,135,6803.1
104_0,-23.095490,-47.208155,136,6935.7
104_0,-23.095291,-47.208239,137,6959.4
104_0,-23.095087,-47.208322,138,6983.6
104_0,-23.094979,-47.208336,139,6995.7
104_0,-23.094887,-47.208350,140,7006.1
104_0,-23.094867,-47.208336,141,7008.7
104_0,-23.094845,-47.208328,142,7011.3
104_0,-23.094821,-47.208326,143,7014.0
104_0,-23.094782,-47.208340,144,7018.5
104_0,-23.094754,-47.208372,145,7023.1
104_0,-23.094744,-47.208397,146,7025.8
104_0,-23.094679,-47.208403,147,7033.1
104_0,-23.094599,-47.208437,148,7042.7
104_0,-23.094087,-47.208793,149,7110.2
104_0,-23.093778,-47.209008,150,7151.0
104_0,-23.093720,-47.209043,151,7158.4
104_0,-23.093668,-47.209080,152,7165.3
104_0,-23.093431,-47.209250,153,7196.9
104_0,-23.093269,-47.209401,154,7220.6
104_0,-23.093138,-47.209547,155,7241.5
104_0,-23.092986,-47.209751,156,7268.3
104_0,-23.092886,-47.209926,157,7289.4
104_0,-23.092866,-47.209932,158,7291.7
104_0,-23.092845,-47.209946,159,7294.4
104_0,-23.092826,-47.209968,160,7297.5
104_0,-23.092814,-47.209996,161,7300.7
104_0,-23.092811,-47.210027,162,7303.9
104_0,-23.092043,-47.211568,163,7483.1
104_0,-23.091699,-47.212248,164,7562.5
104_0,-23.091643,-47.212326,165,7572.6
104_0,-23.091583,-47.212365,166,7580.4
104_0,-23.091530,-47.212384,167,7586.6
104_0,-23.091489,-47.212390,168,7591.2
104_0,-23.091434,-47.212396,169,7597.4
104_0,-23.091226,-47.212182,170,7629.2
104_0,-23.091055,-47.212098,171,7650.1
104_0,-23.090707,-47.211927,172,7692.5
104_0,-23.090645,-47.211895,173,7700.2
104_0,-23.090119,-47.211638,174,7764.3
104_0,-23.089824,-47.211494,175,7800.3
104_0,-23.089116,-47.211147,176,7886.6
104_0,-23.089051,-47.211062,177,7897.9
104_0,-23.089026,-47.210992,178,7905.6
104_0,-23.089016,-47.210902,179,7914.9
104_0,-23.089009,-47.210813,180,7924.0
104_0,-23.088870,-47.210358,181,7973.1
104_0,-23.088771,-47.210012,182,8010.1
104_0,-23.088736,-47.209899,183,8022.3
104_0,-23.088672,-47.209866,184,8030.2
104_0,-23.088607,-47.209830,185,8038.3
104_0,-23.087886,-47.209475,186,8126.3
